 Interpolated Carbon Emissivity Wm^3
   6.4319771362470197E-058
   2.6281070428276333E-043
   2.0541087621837742E-039
   1.2844029833754542E-037
   1.0196039824133826E-036
   3.0389707430638205E-036
   5.9703761567469639E-036
   9.3548546092632174E-036
   1.1320145223818306E-035
   1.1480810969255675E-035
   1.4799248633875869E-035
   3.7819012328607648E-034
   4.1541732441219638E-034
   4.6303789305140240E-034
   4.8363356395376851E-034
   4.9532722959392597E-034
   5.0582143829876683E-034
   4.8112436257351994E-034
   4.8348721080090615E-034
   4.5985860274525026E-034
   4.4342216522689255E-034
   4.5562783112465745E-034
   4.7888734549821678E-034
   5.0452435053323852E-034
   5.3872052495644172E-034
   5.9518472828839270E-034
   6.1021395829908523E-034
   6.1266709138736868E-034
   6.4391346091548846E-034
   7.2413554453276790E-034
   6.9154517800363961E-034
   7.4671832675017206E-034
   6.5106795434767461E-034
   6.7889601423659393E-034
   8.0412355667758083E-034
   6.5980715582406102E-034
   6.8229855736871220E-034
   7.3193377304025163E-034
   7.1743445771727621E-034
   6.4672339518604305E-034
   6.6488332681020804E-034
   6.2569179884744153E-034
   6.2632116442752469E-034
   6.2224392095551903E-034
   6.2493913716745759E-034
   5.6591861811799189E-034
   5.2185739510728024E-034
   5.3425045453209675E-034
   5.2557154000626803E-034
   5.3115919660060351E-034
   4.8811608775889406E-034
   4.8318510084799550E-034
   4.8847014333695820E-034
   4.6386323103506327E-034
   4.3473216279056799E-034
   4.3557328660910168E-034
   4.1216669139800172E-034
   3.9971590641356563E-034
   3.8772271140662759E-034
   3.8008564199662550E-034
   3.7976325237805574E-034
   1.4129497086235610E-035
   1.2285868286116072E-035
   1.4030756556575692E-035
   1.7514478543869652E-035
   2.2640501590468939E-035
   2.8312026100050702E-035
   3.2382115505691254E-035
   3.3795952767919763E-035
   3.1706624009026211E-035
   3.6744889182385212E-035
   4.4454873391034973E-035
   5.2110841838028160E-035
   5.6488849943626083E-035
   5.4068130641537062E-035
   4.5306177561160678E-035
   3.2939948702492935E-035
   1.9476966677158114E-035
   1.1096179920181748E-035
   6.5538748314250593E-036
   3.1870133256515701E-036
   1.1330113831735598E-036
   2.8982271977814155E-037
   5.7229425135631968E-038
   9.5208075641357617E-039
   9.3909851126201569E-040
   1.7010278172429489E-040
   2.9263607690932746E-036
   4.2142895999682254E-036
   1.2005762816681816E-035
   3.9561023764099629E-035
   8.6830432441638937E-035
   1.4560994609675012E-034
   2.0176116808876979E-034
   2.5624146662855112E-034
   3.0739841156760917E-034
   3.6432502472923828E-034
   4.0527310831987633E-034
   5.3716063069881493E-034
   5.3534343364327783E-034
   5.5540127266498392E-034
   5.6444624037264427E-034
   5.7440761957613871E-034
   5.8450587955898432E-034
   5.6458697148377794E-034
   5.7319058530875507E-034
   5.5765774652971603E-034
   5.4489457454514857E-034
   5.5303197955340802E-034
   5.6810317554691781E-034
   5.8484390049104420E-034
   6.1083087338580751E-034
   6.5983747935802824E-034
   6.7059497482652840E-034
   6.7016835208283286E-034
   6.9825567415307643E-034
   7.7453519999627721E-034
   7.4253905892227067E-034
   7.9579921963212174E-034
   7.0352775164707162E-034
   7.2992605217396719E-034
   8.4889921006861009E-034
   7.0688228849262381E-034
   7.2726536812491089E-034
   7.7477700137680228E-034
   7.6030544224890985E-034
   6.9144877983522151E-034
   7.0979146463441256E-034
   6.7259431596087845E-034
   6.7465850178003515E-034
   6.7253775058946841E-034
   6.7738900433275601E-034
   6.2273699880140427E-034
   5.8324195965879555E-034
   5.9886186347037657E-034
   5.9462407932456452E-034
   6.0467049875707308E-034
   5.6872462299631134E-034
   5.7002414216734750E-034
   5.8176087601930061E-034
   5.6592935480691148E-034
   5.4684485375863126E-034
   5.5690839066423332E-034
   5.4503839479783111E-034
   5.4391444037674545E-034
   5.4253782606548187E-034
   5.4090598530326424E-034
   7.3270425737192222E-034
   4.5909686384114781E-034
   5.1394040411341898E-034
   5.9482544418893287E-034
   5.7882025456166659E-034
   6.8590747935402421E-034
   8.1237514205120110E-034
   8.7180798396530393E-034
   8.5128466183880516E-034
   7.8372985620422230E-034
   7.0012048629413669E-034
   6.0923317581643673E-034
   5.0210838824070848E-034
   3.6882469539773219E-034
   2.5304598759828983E-034
   2.4460210040527529E-034
   2.2887994010729803E-034
   1.9177388027123496E-034
   1.6075044864714785E-034
   1.4308455277940477E-034
   1.2799712278018469E-034
   1.1534966492707414E-034
   1.0655978047872347E-034
   1.0156951121028789E-034
   9.8922957396718677E-035
   9.7098589714360648E-035
   9.6122861991732032E-035
   1.0130044542107685E-036
   2.3383107876799069E-036
   1.0744741688358885E-035
   3.5912635735140782E-035
   7.2235536185913724E-035
   1.1373990759160924E-034
   1.5347218134721920E-034
   1.8762245125883893E-034
   2.1333979153484737E-034
   2.5234865076152176E-034
   3.2552535399509197E-034
   5.9225324606558159E-034
   5.9253203466456324E-034
   6.1680557911367412E-034
   6.2893032115013156E-034
   6.5602851080724576E-034
   6.4773239570496934E-034
   6.3086330966811568E-034
   6.2404757238895481E-034
   6.1447356397129067E-034
   5.9381046503400393E-034
   6.2475717936955629E-034
   1.2297152746817434E-033
   9.1349902537782943E-034
   9.0581655517053342E-034
   8.6903830045321731E-034
   8.2206354607949322E-034
   8.2236021909446524E-034
   9.6207222383303906E-034
   8.6885912156539325E-034
   8.0315449021253275E-034
   9.1542717454156415E-034
   7.5202048805001422E-034
   8.3343040307322844E-034
   9.1519230015206285E-034
   7.3319923277424140E-034
   7.8995654276695437E-034
   8.7956817642211958E-034
   8.2689179679697125E-034
   7.5366017569840645E-034
   7.5292250976369467E-034
   7.4210543201654768E-034
   7.4911727051036287E-034
   7.2287622815378800E-034
   7.6182834656713587E-034
   6.6075894868881444E-034
   6.3181917082493392E-034
   6.7245806139424532E-034
   6.4689456020114995E-034
   6.4953788638896981E-034
   6.1618846427610839E-034
   6.1535601836795156E-034
   6.1636201399171552E-034
   6.1261647387294454E-034
   5.9393021926603494E-034
   6.0452494996374621E-034
   5.9362074629292447E-034
   5.9341516786428277E-034
   5.9316101269488386E-034
   5.9284929011869442E-034
   5.9267878690292692E-034
   3.7098239151473717E-034
   4.5236607679559812E-034
   6.3220351685258197E-034
   8.8224057774313001E-034
   1.1998273113367277E-033
   1.5711331926122009E-033
   2.0375287255238051E-033
   2.4858328499663269E-033
   2.9129255668782959E-033
   3.2069442974934449E-033
   3.4870104080335430E-033
   3.6579436629101756E-033
   3.7891832889593063E-033
   3.6727042608916807E-033
   3.4018273068330093E-033
   2.9393284503011030E-033
   2.4265517578562927E-033
   1.8824036377075523E-033
   1.4763030301924992E-033
   1.1358684891937345E-033
   8.8334093834030728E-034
   7.1152780877621940E-034
   6.1388029004053450E-034
   5.6197665468902125E-034
   5.2549957448535322E-034
   5.0800738800304881E-034
   7.9785431882596673E-037
   3.0897230853484833E-036
   1.8488158093981254E-035
   5.9655185195914360E-035
   1.2194841550474746E-034
   1.8853789009108961E-034
   2.3848131615585677E-034
   2.6150748550471533E-034
   2.6344129319212204E-034
   2.8399282148212457E-034
   3.8259327519827751E-034
   7.2775698435629453E-034
   7.3011333927110980E-034
   7.5368343871838600E-034
   7.6103929614145294E-034
   7.9455672181442679E-034
   7.8923148348421983E-034
   7.8385413781533204E-034
   7.6116293875110134E-034
   7.4604548940825493E-034
   7.2521543024028399E-034
   7.6371578378465646E-034
   7.4592254025408418E-034
   7.5651465280832668E-034
   8.2590060424704083E-034
   8.5466579608141441E-034
   8.2760350226544278E-034
   8.7623017764873337E-034
   9.0108624589723941E-034
   1.0806127597437365E-033
   1.0921321397226622E-033
   1.1819450689439214E-033
   1.1369694752953643E-033
   1.2200951649971662E-033
   1.2918407805507857E-033
   1.2742230802035688E-033
   1.3658379079693609E-033
   1.4615242242578885E-033
   1.5031557526489273E-033
   1.5335208755230402E-033
   1.6736062280923072E-033
   2.4880038387694938E-033
   2.9902847713515890E-033
   2.0102643361964155E-033
   1.8571632373995468E-033
   1.6839412141956037E-033
   1.5877651303958645E-033
   1.5543097578239462E-033
   1.5077723588847275E-033
   1.4807339763106720E-033
   1.4375827950688509E-033
   1.4133768299692423E-033
   1.3899234009353754E-033
   1.3628487039967716E-033
   1.3359097861990803E-033
   1.2996532962003514E-033
   1.2557390611189817E-033
   1.2072582537160569E-033
   1.1400705353622677E-033
   1.0273557746952852E-033
   9.8339432542216728E-034
   4.8148242973914819E-034
   7.5758899691919954E-034
   1.6829798076789414E-033
   3.3824561752076371E-033
   5.7826785555522808E-033
   8.3731589936334373E-033
   1.1517776643869731E-032
   1.4308535059245134E-032
   1.6487201985652331E-032
   1.8013836957201537E-032
   1.8696662288122782E-032
   1.8598235638004753E-032
   1.7952076262427449E-032
   1.6452270547062337E-032
   1.4325020614163454E-032
   1.1727010698279026E-032
   9.2762974364924602E-033
   7.2112465867288765E-033
   5.6918213057422499E-033
   4.2603151320345119E-033
   2.9948128500420973E-033
   2.0910194049056509E-033
   1.5556970949502722E-033
   1.2642040083035338E-033
   1.0581086478512891E-033
   9.5783994630720124E-034
   3.1826491569927665E-036
   1.0828225526390361E-035
   4.7574415364526886E-035
   1.3478441635466659E-034
   2.9345925974066103E-034
   6.1869773129631131E-034
   1.1471248544366543E-033
   1.6259728473558770E-033
   1.7832798515875207E-033
   1.8612123844871543E-033
   2.5563615985021404E-033
   7.9055456904828988E-034
   7.8831145179059330E-034
   8.1110618125772503E-034
   8.1536263901334061E-034
   8.4729074303387627E-034
   8.4253844406484494E-034
   8.2270182234564190E-034
   8.0947611402726211E-034
   7.9361116081914967E-034
   7.7244059663334243E-034
   7.9477108690402269E-034
   7.9146272563940373E-034
   8.2375228820546095E-034
   8.6596339559049631E-034
   9.3874390810793334E-034
   8.6765021056029701E-034
   9.1527306732902361E-034
   9.2951972502885483E-034
   1.0179761134494779E-033
   9.7754548392919015E-034
   9.8880855784234309E-034
   9.4202829817102240E-034
   9.6931102634430792E-034
   1.0377787503884876E-033
   9.1224728110867639E-034
   1.2299993159754671E-033
   9.0786023108875495E-034
   9.3152914067869415E-034
   8.5085836764689011E-034
   8.4237957263711272E-034
   8.2696407840023834E-034
   8.9497879370392088E-034
   8.3921814274531909E-034
   8.8894745265165272E-034
   7.4910452535495937E-034
   7.3142748573151325E-034
   7.7227894283935732E-034
   7.4062217628858459E-034
   7.3901116462346540E-034
   7.0749940085445368E-034
   7.0707569343705914E-034
   7.0825765795580535E-034
   7.0537948053997415E-034
   7.3052743198012115E-034
   6.9872796015625024E-034
   6.8937693892474856E-034
   6.9006961753681349E-034
   6.9099539110415352E-034
   6.9245469297703691E-034
   6.9452706848752941E-034
   4.1429643972097412E-033
   1.0735077507870958E-032
   2.8862043462201134E-032
   4.7894818260610860E-032
   6.3531826990154454E-032
   6.7730645434978476E-032
   6.4210022859560210E-032
   5.7333753119281394E-032
   5.7241516707287563E-032
   5.8344758732317843E-032
   6.8217284242258204E-032
   7.2332503052301725E-032
   7.1542331962999878E-032
   6.8049016305784983E-032
   6.1486049381068219E-032
   5.2912913271681511E-032
   4.2749089526293024E-032
   3.1734416333238757E-032
   2.0473856363521980E-032
   1.1777922136323298E-032
   7.0120156184608882E-033
   4.5432566918376028E-033
   2.9741141289451675E-033
   2.1187824336648582E-033
   1.4854148069868246E-033
   1.1994979112547199E-033
   6.5340815182610678E-036
   2.0330900991477965E-035
   8.0491377744185055E-035
   2.3460217535603927E-034
   8.1447508123079103E-034
   4.7128975843412822E-033
   1.5143207495323037E-032
   3.0518815991647584E-032
   5.0472815726973699E-032
   4.5223576297659076E-032
   5.3430490288519188E-033
   8.3442480464255556E-034
   8.2026153113748604E-034
   8.4011699959745552E-034
   8.8444927913621567E-034
   8.7228085818012889E-034
   8.7257003884942794E-034
   8.5060071527833054E-034
   8.3394798560633766E-034
   8.1796668995567019E-034
   7.9678356378123885E-034
   8.0793259956452430E-034
   8.1462273436222139E-034
   8.5764130249081855E-034
   8.8722221082509987E-034
   9.6165525952215592E-034
   8.8927011926434412E-034
   9.3836877422740617E-034
   9.5779276792480362E-034
   1.0365956614300951E-033
   1.1468724380345833E-033
   9.3777151895323308E-034
   8.9002910421891544E-034
   8.9032062522072157E-034
   1.0060616845287897E-033
   9.4112180394344115E-034
   8.9316973238524914E-034
   9.2333111610002445E-034
   9.6104222919213027E-034
   8.6616582766763432E-034
   8.6886143589736514E-034
   8.4470518857745168E-034
   9.1263955755467153E-034
   8.5492030564166647E-034
   9.1843482606647021E-034
   7.6719642289576492E-034
   7.5664988309798022E-034
   7.8951061060447491E-034
   7.5844664167998785E-034
   7.5718353539586217E-034
   7.2640137012906236E-034
   7.2625430239244394E-034
   7.2768886816548747E-034
   7.2525309507389266E-034
   7.5011123917404240E-034
   7.2372283530761870E-034
   7.1101413336733726E-034
   7.1236578178857282E-034
   7.1408976542861998E-034
   7.1653798271109958E-034
   7.2005758439098628E-034
   3.4509313872231200E-033
   3.8067908286307974E-033
   2.6814148706926539E-033
   2.8135791915483550E-033
   3.6002596518648303E-033
   4.0419312070983648E-033
   7.6027103416945369E-033
   3.3332556377816736E-033
   4.4967056200504550E-033
   6.4808706745623200E-033
   5.6465696071788756E-033
   1.5594293060091985E-032
   2.7605807468357789E-032
   4.9148767233239056E-032
   6.6684205880854223E-032
   7.7196053882873159E-032
   7.7451249430441512E-032
   6.6690968794532669E-032
   4.8560170473855633E-032
   2.9031045591861263E-032
   1.3300815133824361E-032
   6.2004105592373456E-033
   3.6720460253908989E-033
   2.4446058587523148E-033
   1.5749328270324887E-033
   1.1776538462169698E-033
   8.4345516502670450E-036
   2.6324873840318518E-035
   1.1654541396838697E-034
   3.6748953515424117E-034
   2.3246310931723724E-033
   3.0408147587994136E-032
   5.0241694895252032E-032
   7.3925994183458813E-033
   1.7146434517371016E-033
   3.5462177786430692E-034
   2.1451615872613245E-034
   8.4942241948156976E-034
   8.3509420534313872E-034
   8.5388438776462873E-034
   8.8813564486679143E-034
   8.8495536166029244E-034
   8.8458936515057889E-034
   8.6551956150732440E-034
   8.4636760972600247E-034
   8.3051475929926293E-034
   9.4353994806749052E-034
   1.0847556290543920E-033
   1.4192331333291359E-033
   2.2017460637588696E-033
   8.1465543263188534E-034
   8.9609521116098772E-034
   8.2071220971100215E-034
   8.7034020541258083E-034
   8.9112051090900446E-034
   9.7305850180515508E-034
   1.0010590245481442E-033
   9.4847801257038541E-034
   8.9730359489486745E-034
   8.9758674520356639E-034
   1.0212409975966323E-033
   9.6454616264999750E-034
   9.0559241443223189E-034
   9.3260276883221909E-034
   9.6747957259082063E-034
   8.7580363138866896E-034
   8.9023263221651316E-034
   8.6735926489745546E-034
   9.1609441024524606E-034
   8.6262929913951318E-034
   9.2549790782353143E-034
   7.7587278936919380E-034
   7.6535049492105678E-034
   7.9806646725518634E-034
   7.6742352396045935E-034
   7.6635478185017179E-034
   7.3605632324254288E-034
   7.3608989011460441E-034
   7.3773263278214429E-034
   7.3563812616159283E-034
   7.6039398811180918E-034
   7.4273248010732550E-034
   7.2297908531603084E-034
   7.2501722983569266E-034
   7.2756731626751163E-034
   7.3083403748018801E-034
   7.3696862674442410E-034
   1.9023317727664653E-034
   2.9843888828788553E-034
   3.0233964686207421E-034
   5.0974138071245133E-034
   8.9430435764074042E-034
   1.0735707682856433E-033
   1.3839842076435208E-033
   1.3925359722519227E-033
   1.8900628131498656E-033
   1.7834425012741588E-033
   1.2313130778363310E-033
   3.6221128935483897E-033
   7.5647823798557165E-033
   1.3995084907010822E-032
   3.2350197280150945E-032
   5.5610374336466463E-032
   7.3740492099044172E-032
   7.8687175868162852E-032
   6.6072555534258204E-032
   4.2792890452837165E-032
   1.9746607785010558E-032
   7.6378817544748413E-033
   3.6658916098541830E-033
   2.2663503782261207E-033
   1.4939742355834132E-033
   1.0944369769012579E-033
   1.0142353274595012E-035
   3.2595881129182531E-035
   1.4617989169954514E-034
   4.8692079118144848E-034
   5.3139905790641643E-033
   5.5602317423572275E-032
   4.8719312327582851E-033
   7.3188231775423578E-034
   2.7543293941167084E-034
   2.2608861457398991E-034
   5.3566857449665815E-034
   8.5371758874714580E-034
   8.4383023089889404E-034
   8.6176168378478699E-034
   8.7851040492357252E-034
   8.9715978230161603E-034
   8.9101243090340267E-034
   8.7537413422586429E-034
   8.5388112755964757E-034
   8.3816654115371511E-034
   8.1730701134854389E-034
   8.2792884736659975E-034
   8.4476728589306998E-034
   8.5672243162796337E-034
   9.1798643938264956E-034
   1.0544861542510633E-033
   1.0541449352079536E-033
   1.1415915848966690E-033
   1.2196313162965035E-033
   1.3754497622226120E-033
   1.4983518802786890E-033
   1.5648890696875762E-033
   1.7621471089882312E-033
   2.0895343255487654E-033
   2.8208536866380077E-033
   9.7248723307278146E-034
   9.2341618595859304E-034
   9.3728344690787108E-034
   1.4496233071176891E-033
   1.2999261658181375E-033
   1.2531262916406286E-033
   1.2088488807769497E-033
   1.1954055256072594E-033
   1.1564913313052708E-033
   1.1947973071083025E-033
   1.0825578240908516E-033
   1.0690256304252279E-033
   1.0862554834608782E-033
   1.0584733658292307E-033
   1.0515776086365086E-033
   1.0232514374550097E-033
   1.0158245384423868E-033
   1.0083270392475743E-033
   9.9607811016914198E-034
   9.9948139117240649E-034
   9.5723360300028395E-034
   1.0021162663695491E-033
   1.1854463108360371E-033
   1.2562763037741036E-033
   1.2959995234892166E-033
   1.3134311589082991E-033
   7.5572411763346638E-034
   3.3143260368908061E-034
   2.7469545907707806E-034
   3.9525723070290408E-034
   6.1209652327885468E-034
   4.5820340168119533E-034
   6.5156721997722864E-034
   1.0214018678852579E-033
   1.0640438893702469E-033
   1.1684788456735091E-033
   1.1085772805734817E-033
   2.8714925715652542E-033
   6.0111530771079273E-033
   1.3708190653005042E-032
   2.7630112998912345E-032
   4.6661156645820361E-032
   6.6802159720545579E-032
   7.8930716797729044E-032
   7.4066001454799131E-032
   5.1510823922153610E-032
   2.4717893065814993E-032
   8.9212948257678370E-033
   3.9505134536676708E-033
   2.1746583596138601E-033
   1.3226195704345146E-033
   9.4523770038814253E-034
   1.1382495589806751E-035
   3.6989819168609619E-035
   1.6155751398284111E-034
   5.9636320811075376E-034
   9.8318356616646273E-033
   2.2033840549429451E-032
   1.3344839804825038E-033
   3.0486353034977790E-034
   2.4438157786703901E-034
   3.3527663558510740E-034
   6.8512505328796349E-034
   8.5449392001671033E-034
   8.4956346191474620E-034
   8.6692689153123173E-034
   8.8344122734756555E-034
   9.0187067676267602E-034
   8.9518067215060523E-034
   8.8042549493850679E-034
   8.5914803909926370E-034
   8.4353945834579201E-034
   8.2282892933032634E-034
   8.3331260499902654E-034
   8.5381416680960714E-034
   8.5453778212487983E-034
   9.0993785887466382E-034
   9.8307235661281010E-034
   9.1505878147180182E-034
   9.5972076801305396E-034
   9.8175183471054433E-034
   1.0514683417393987E-033
   1.0839505408304049E-033
   1.0336731302394877E-033
   9.8403084937941935E-034
   9.9021693254530859E-034
   1.0962957434458498E-033
   1.0477710871210837E-033
   1.0035556142548696E-033
   1.0208165343471318E-033
   1.0471023801534704E-033
   9.6660299029618347E-034
   9.7827895370099431E-034
   1.1785044760060037E-033
   1.1549127133062221E-033
   1.1064894879861773E-033
   1.1437654652695255E-033
   1.0125208863968501E-033
   9.9220744446809019E-034
   1.0061624480626233E-033
   9.6984955968765959E-034
   9.5538348109642868E-034
   9.1302063178783464E-034
   8.8235239649923979E-034
   1.0031242908061235E-033
   1.3433677683463850E-033
   1.4203461317101774E-033
   1.4800731403263305E-033
   1.5220030363843667E-033
   1.5573594320371433E-033
   1.5781269141370190E-033
   1.5780982460297697E-033
   1.5078788756174980E-033
   1.0502454988549756E-033
   5.3395912071083725E-034
   3.3022416094518809E-034
   3.9378712758290470E-034
   4.4832856057377702E-034
   3.7779525859313214E-034
   3.7672424688031065E-034
   6.9612729672542522E-034
   8.2459672949913982E-034
   1.0844401418020788E-033
   1.8357915511482046E-033
   4.6650135919254611E-033
   8.8417844455630327E-033
   1.5874462701302547E-032
   2.8222105442648893E-032
   4.6928849945086206E-032
   6.6146330758786719E-032
   7.8538265032004982E-032
   7.7313412739845670E-032
   5.6774250092518488E-032
   2.8266228353852244E-032
   1.0105685288237723E-032
   4.1187777934771396E-033
   2.1449649537414496E-033
   1.2156559670142185E-033
   8.6335703715241999E-034
   1.2817869808118410E-035
   4.1330266717284569E-035
   1.7226030801398499E-034
   6.6931598982806152E-034
   1.4570957746085305E-032
   1.0209057212160837E-032
   9.7101263800163594E-034
   2.3480438314717997E-034
   2.6899671566796453E-034
   3.6877483383959106E-034
   7.1486311183131262E-034
   8.5213719591472227E-034
   8.5202956563473246E-034
   8.6951955834209712E-034
   8.8603916309708318E-034
   9.0439305962461193E-034
   8.9547604673612494E-034
   8.8323654780324765E-034
   8.6212458111914397E-034
   8.4662091494939935E-034
   8.2601048780674268E-034
   8.3643341736246614E-034
   8.5685210953372653E-034
   8.5757481321376001E-034
   9.1272976401716805E-034
   9.8677718421840864E-034
   9.1621892756816151E-034
   9.6228562979383435E-034
   9.8417655674243515E-034
   1.0534104772043529E-033
   1.0859110688960815E-033
   1.0358902208686672E-033
   9.8896151161188915E-034
   9.9398997553704985E-034
   1.0981618558030192E-033
   1.0511104487057637E-033
   1.0058798843508421E-033
   1.0231004741952518E-033
   1.0492679865933600E-033
   9.6911546976932508E-034
   9.8064741973115758E-034
   9.7794169602097732E-034
   9.9085543537327666E-034
   9.5654988790544516E-034
   1.0180918563496771E-033
   8.7986243141494011E-034
   8.7071084196974063E-034
   9.0011033830413552E-034
   8.7315085982411122E-034
   8.7268943165952747E-034
   1.2839980090085151E-033
   1.3890123843795070E-033
   1.4670263410088869E-033
   1.5410995174795505E-033
   1.6033147031892798E-033
   1.6316608379001629E-033
   1.6482185786684046E-033
   1.6632628264756131E-033
   1.6652200274403417E-033
   1.6493132424227472E-033
   1.5589687821691216E-033
   1.1535890454659534E-033
   6.6768506039287569E-034
   3.9276117971718875E-034
   4.3146938400567612E-034
   3.9889544772297779E-034
   3.3648177570851633E-034
   3.4825658093107280E-034
   6.3116016396383953E-034
   1.0176362771347545E-033
   1.4863524730430768E-033
   2.3918545518326018E-033
   4.9680345799708152E-033
   9.5437214824127171E-033
   1.5424024589101743E-032
   2.9924131590563785E-032
   4.8815089579043766E-032
   6.6413235191759114E-032
   7.8655924215080666E-032
   7.8803187847494684E-032
   5.9831438554485589E-032
   3.0249877400370159E-032
   1.0938264651378474E-032
   4.4284149068846035E-033
   2.1147797397974623E-033
   1.2351407857936982E-033
   8.8191781850656717E-034
   1.3683347957638066E-035
   4.4284336386992898E-035
   1.7661110897751003E-034
   7.2090513988038866E-034
   1.8672774440011371E-032
   6.5364983781713298E-033
   6.8341684486536440E-034
   2.2389908537118291E-034
   2.4905117335311454E-034
   3.9017426965365559E-034
   7.1280928933554802E-034
   8.4799922947694504E-034
   8.5368909968146347E-034
   8.7145631790202303E-034
   8.8800701452920346E-034
   9.0635709644942518E-034
   8.9410019214524587E-034
   8.8540631607423045E-034
   8.6442745433184943E-034
   8.4899672647212968E-034
   8.2846813332470149E-034
   8.3885718204884516E-034
   8.5920109817371614E-034
   8.5992626427403560E-034
   9.1486525079455533E-034
   9.8869650208949830E-034
   9.3173496926508073E-034
   9.6428261053041405E-034
   9.8614869023922467E-034
   1.0553167818617032E-033
   1.0906728784915009E-033
   1.0474463839151373E-033
   1.0078879194582289E-033
   1.0190286942980914E-033
   1.1255820043293526E-033
   1.0860761789098056E-033
   1.0471670433032668E-033
   1.0688948093711771E-033
   1.0992876762392694E-033
   1.0304844726157848E-033
   1.0492289991761944E-033
   1.0565327085703658E-033
   1.0805166798425477E-033
   1.0662350250996308E-033
   1.1417511272082109E-033
   1.0558294123693959E-033
   1.0883878784948482E-033
   1.2293655451428787E-033
   1.3185525840964057E-033
   1.3935759160623013E-033
   1.4374538570792460E-033
   1.5218037835618688E-033
   1.5835707606308732E-033
   1.6344316815433299E-033
   1.6714421923838525E-033
   1.6886198609082579E-033
   1.6969034038087162E-033
   1.7042976840449566E-033
   1.7100909285444419E-033
   1.6960088912063735E-033
   1.5799867552008320E-033
   1.1993791340352699E-033
   7.4361275363469658E-034
   4.4692855182807164E-034
   4.4210782446646601E-034
   3.7636401439784856E-034
   3.1602979600834464E-034
   3.4302364075406209E-034
   7.1540577599355343E-034
   8.9177921316093001E-034
   1.5300565700793832E-033
   2.3191693668222957E-033
   4.5291366143126109E-033
   9.3895601651566588E-033
   1.4382952588561677E-032
   2.8872020442907919E-032
   4.7030768090720143E-032
   6.4592435075841842E-032
   7.7764713265498355E-032
   7.9432160183120733E-032
   6.1499121812988613E-032
   3.1643717885275763E-032
   1.1273878522239905E-032
   4.4629525935557464E-033
   2.1435839725596245E-033
   1.2670406957915465E-033
   9.1690032523670790E-034
   1.4177392708571707E-035
   4.5675826017379532E-035
   1.8239911019860658E-034
   7.7099256084492950E-034
   2.3113555552943804E-032
   5.3188685306618434E-033
   5.5656439009779396E-034
   2.1244279388403855E-034
   2.5968105394246184E-034
   4.0165150969366043E-034
   6.9616222006278765E-034
   8.4326768346972711E-034
   8.5455732048206234E-034
   8.7276868380301208E-034
   8.8942056796629910E-034
   9.1365465251409072E-034
   8.9564606235536181E-034
   8.8704201411534886E-034
   8.6618560938554437E-034
   8.5083920474282255E-034
   8.3039446467167902E-034
   8.6756747499061706E-034
   9.2317397076147889E-034
   9.5502019445837424E-034
   1.0284608568442964E-033
   1.1109906540876346E-033
   1.0910627505875544E-033
   1.1147750245375397E-033
   1.1415720392346440E-033
   1.2063046937910318E-033
   1.2385545865867875E-033
   1.2023033040403923E-033
   1.1695350227969082E-033
   1.1783988842126527E-033
   1.2671229236798832E-033
   1.2338323135114029E-033
   1.2010449168316829E-033
   1.2233051836501797E-033
   1.2592256016224331E-033
   1.2147954459942688E-033
   1.2430520705425783E-033
   1.2632050364742888E-033
   1.2977153532852787E-033
   1.3024401458479316E-033
   1.3776190716056626E-033
   1.3226318012989267E-033
   1.3576524303067073E-033
   1.4159885550625382E-033
   1.4362955646749588E-033
   1.5051507788734572E-033
   1.5519874442402129E-033
   1.6019837619394346E-033
   1.6425990168461766E-033
   1.6887019841811984E-033
   1.7071500299096651E-033
   1.7179426388197472E-033
   1.7212801465961084E-033
   1.7357885925832466E-033
   1.7424741739705336E-033
   1.7169996851804182E-033
   1.5893192243048210E-033
   1.2293634305935422E-033
   8.0278948215163844E-034
   4.9482386161862513E-034
   4.6010393343338829E-034
   4.1804199986206477E-034
   3.3853539531712120E-034
   3.7221013279213540E-034
   6.3855404057504289E-034
   8.3875283562044583E-034
   1.4920839659856789E-033
   2.0513418160280887E-033
   3.9356468405469223E-033
   7.4265389759247232E-033
   1.2631391305000748E-032
   2.5713502561376363E-032
   4.3795081120279635E-032
   6.2068490927913247E-032
   7.6496941922244535E-032
   7.9823760643766491E-032
   6.2990670809999824E-032
   3.2863888541426160E-032
   1.1534408044147368E-032
   4.6183438798703265E-033
   2.1663924233775032E-033
   1.2578199284576735E-033
   8.9401456431759181E-034
   1.5227602510086467E-035
   4.8748748305381874E-035
   1.9374413630150423E-034
   8.4106770994871335E-034
   3.0826566794037253E-032
   2.7316623374446176E-033
   4.5202717541360699E-034
   1.9311246737103254E-034
   2.7180429170665602E-034
   4.0880234623420635E-034
   6.7179934412723806E-034
   8.3720849871090087E-034
   8.5526214155352415E-034
   8.7428177741068867E-034
   8.9114377868951827E-034
   9.3436670315723025E-034
   9.1843641386749022E-034
   9.2335306991886081E-034
   9.2099655608913307E-034
   9.3037247953476670E-034
   9.4096689301233609E-034
   9.8008371437392714E-034
   1.0244633548225202E-033
   1.0483427799232430E-033
   1.1102463895947449E-033
   1.1885046415251939E-033
   1.1702508586633617E-033
   1.2101636167472627E-033
   1.2494612384158815E-033
   1.3169222754645459E-033
   1.3633361872346085E-033
   1.3376820017094917E-033
   1.3189556949149394E-033
   1.3364608158400540E-033
   1.4221331706109502E-033
   1.4016120836000156E-033
   1.3815276901788764E-033
   1.4062153810003938E-033
   1.4331707022702833E-033
   1.4027040622589789E-033
   1.4132612773288421E-033
   1.4257300726662771E-033
   1.4505635718635040E-033
   1.4442834517760538E-033
   1.4987495070681809E-033
   1.4353115454173290E-033
   1.4643588298853595E-033
   1.5273914953313639E-033
   1.5571990751957288E-033
   1.5979202174708163E-033
   1.6214191514702581E-033
   1.6536545074092971E-033
   1.6815129387023762E-033
   1.7180781196620842E-033
   1.7301553584627733E-033
   1.7361175280322085E-033
   1.7476365762811769E-033
   1.7628057279371083E-033
   1.7622785284720549E-033
   1.7272481357068840E-033
   1.5916489994924793E-033
   1.2595535990001160E-033
   8.6947762863410075E-034
   5.5612144569105239E-034
   4.6383142927301478E-034
   3.8978122329391480E-034
   4.1895847910692234E-034
   4.3558227331300164E-034
   6.1449836182347068E-034
   7.4792136849438465E-034
   1.2891284580258182E-033
   1.6428918478540875E-033
   3.1720455044250791E-033
   6.0174644615334259E-033
   1.0539252286339884E-032
   1.9807463213404067E-032
   3.8076730879395898E-032
   5.7834838232933310E-032
   7.4324031078369170E-032
   8.0042769420860699E-032
   6.4909155677413303E-032
   3.4173424343585817E-032
   1.1922689024452494E-032
   4.6423949503910894E-033
   2.1937380856217807E-033
   1.1952456197613932E-033
   8.5700079070509275E-034
   1.5368107885501527E-035
   5.0223786614419350E-035
   2.0984800495398410E-034
   9.3443536699827306E-034
   4.5516055025983966E-032
   1.4826526445735099E-033
   3.9033297652624768E-034
   1.9111519293919863E-034
   2.7449426954156093E-034
   4.1181125318576804E-034
   6.4882336695066747E-034
   8.2889670491728136E-034
   8.9615413670480342E-034
   9.4188660489138626E-034
   9.7524446547829800E-034
   1.0241220910017257E-033
   1.0039764771192439E-033
   1.0105861347443322E-033
   1.0078937131577334E-033
   1.0142085653811294E-033
   1.0200531361947819E-033
   1.0506488665467162E-033
   1.0866722863253871E-033
   1.1374218621835494E-033
   1.2172385032725711E-033
   1.3088860698653769E-033
   1.2997291634359750E-033
   1.3282331304048292E-033
   1.3595389442566066E-033
   1.4185654361018304E-033
   1.4645873446627583E-033
   1.4310603926736286E-033
   1.4114639821704619E-033
   1.4252922818071949E-033
   1.5007713925004091E-033
   1.4801006305544811E-033
   1.4602829450384968E-033
   1.4826143437992280E-033
   1.5017090261616322E-033
   1.4780358269892093E-033
   1.4768492210438559E-033
   1.4843200981497826E-033
   1.5050206206359917E-033
   1.4993422264796305E-033
   1.5595874140209444E-033
   1.5097223965935008E-033
   1.5329754954698444E-033
   1.5766279870805907E-033
   1.5904438566132133E-033
   1.6168826522309994E-033
   1.6292060267452920E-033
   1.6524376035822467E-033
   1.6732617863736616E-033
   1.7052647606449365E-033
   1.7083639677112352E-033
   1.7171884969914364E-033
   1.7257658967778214E-033
   1.7386699111398827E-033
   1.7362260231760293E-033
   1.6984650260036086E-033
   1.5670530179306861E-033
   1.2788667095137109E-033
   9.4285838141472103E-034
   6.3674657855220218E-034
   4.6230736712834419E-034
   3.7835467062299638E-034
   4.1318298722719968E-034
   2.7710250687713122E-034
   5.1522342777964868E-034
   5.2690956001446440E-034
   8.5233048470800677E-034
   9.9800472928992301E-034
   2.0197332284865894E-033
   3.9600446898700974E-033
   7.1481947030695522E-033
   1.3915714414923254E-032
   2.6811031598146070E-032
   4.7478813674119889E-032
   6.8692858748648994E-032
   7.9497190755385771E-032
   6.7363101810066005E-032
   3.6138016745502344E-032
   1.2748131671308387E-032
   4.8953995711748259E-033
   2.2125869103018569E-033
   1.1803864986896430E-033
   8.4462267486859041E-034
   1.6808759061190917E-035
   5.4772934398430662E-035
   2.1645164513075471E-034
   1.0652450221783370E-033
   5.6147721294566719E-032
   9.1870460526841799E-034
   2.2820977866335951E-034
   1.9461052224676139E-034
   2.6293297297013592E-034
   4.0574514748107412E-034
   6.1989256149113391E-034
   8.4066928183814640E-034
   9.2653439911917941E-034
   9.7584770374867558E-034
   1.0102238103595513E-033
   1.0596248742359336E-033
   1.0363264206258016E-033
   1.0467313264270463E-033
   1.0422208602974453E-033
   1.0459177483758925E-033
   1.0478457161151314E-033
   1.0883657906469417E-033
   1.1447063304705006E-033
   1.1792703634450560E-033
   1.2460249052190121E-033
   1.3247182390036764E-033
   1.3079898635441216E-033
   1.3315737014643641E-033
   1.3563197565113763E-033
   1.4122804874385266E-033
   1.4614731261987754E-033
   1.4171434769429051E-033
   1.3944856528962707E-033
   1.4064987597782047E-033
   1.4785820169181832E-033
   1.4583925150022327E-033
   1.4344101503904858E-033
   1.4516275477336537E-033
   1.4700593679534598E-033
   1.4440434446389875E-033
   1.4393192450230025E-033
   1.4438642415911581E-033
   1.4617738555087400E-033
   1.4440650627516674E-033
   1.4868385987738635E-033
   1.4137738754458705E-033
   1.4177974401360331E-033
   1.4557800081073118E-033
   1.4627573545810665E-033
   1.4847746742224030E-033
   1.4929845671173460E-033
   1.5148764490263511E-033
   1.5358370428781722E-033
   1.5707191483506990E-033
   1.5698883293537511E-033
   1.5878620025780709E-033
   1.5897156516378951E-033
   1.5934704639302439E-033
   1.5857611178261523E-033
   1.5616235500163882E-033
   1.4651890486251095E-033
   1.2445360836410113E-033
   9.7073663069368370E-034
   6.9265580903808247E-034
   5.0660106837077860E-034
   4.2040643554427065E-034
   3.8137355514390308E-034
   2.9308828319582857E-034
   4.4419004417439773E-034
   3.2257259280345428E-034
   3.8679717710622247E-034
   2.6441994553670536E-034
   4.4679382212739774E-034
   1.1775043311680626E-033
   9.7796396427155789E-034
   2.2793358340417795E-033
   5.9591325635696573E-033
   2.0210506825130447E-032
   4.9477220390229294E-032
   7.5205062675376757E-032
   7.0409056427086146E-032
   3.9347025065817071E-032
   1.4373076516850926E-032
   5.4267102152947508E-033
   2.3933714073057647E-033
   1.1497344478173055E-033
   8.1612375433784291E-034
   1.6138386129131981E-035
   5.2369966269443978E-035
   2.2656384244543309E-034
   1.1875460088139125E-033
   5.2120661861522385E-032
   5.9989769901646908E-034
   2.2161219194195042E-034
   1.9581589130160106E-034
   2.4057852758677520E-034
   3.8773236129956862E-034
   5.8278032129200049E-034
   7.7628414596946860E-034
   8.4461697874239622E-034
   8.9030722635887680E-034
   9.2468057482862197E-034
   9.7733070897325185E-034
   9.4780591169168188E-034
   9.5823824220600833E-034
   9.4690916725066829E-034
   1.0046469083799977E-033
   9.4157717083768505E-034
   9.6339430795487505E-034
   9.9132216785515503E-034
   1.0019105824504296E-033
   1.0564293246917781E-033
   1.1297851631808058E-033
   1.0984006028324425E-033
   1.1154380921018069E-033
   1.1260585541373859E-033
   1.1703299056316616E-033
   1.2476239873535578E-033
   1.1752813494742456E-033
   1.1379256809325880E-033
   1.1658253288647343E-033
   1.2299900173971885E-033
   1.2005179512626517E-033
   1.1601718381076040E-033
   1.1782662246061711E-033
   1.1910824029869365E-033
   1.1570915878204047E-033
   1.1406821693720133E-033
   1.1396838871620900E-033
   1.1564084037952784E-033
   1.1249780724149192E-033
   1.1642245659898571E-033
   1.0758283374697079E-033
   1.0621533962440532E-033
   1.0852659227271417E-033
   1.0682587640357070E-033
   1.0703947561078235E-033
   1.0528438498878306E-033
   1.0561071019457572E-033
   1.1125854263287674E-033
   1.1078092804600396E-033
   1.0991497782934705E-033
   1.1221538673377545E-033
   1.1259550550262373E-033
   1.1410643949029803E-033
   1.1528921754051091E-033
   1.1516530667247037E-033
   1.1092988087368107E-033
   1.0248074825177123E-033
   9.1554911957110854E-034
   7.2650047814306827E-034
   5.6416712331826913E-034
   4.0264614018584133E-034
   3.6785422694717928E-034
   3.3547423250539120E-034
   3.6252620580943533E-034
   2.5178620547910932E-034
   2.4376558907431274E-034
   2.0936262414894933E-034
   4.1432245784653284E-034
   7.3719145414425180E-034
   5.1647306008598072E-034
   7.1742787110947983E-034
   1.0452326733943836E-033
   1.2534179555234789E-033
   2.1084021596519889E-032
   5.1154982270646740E-032
   7.2773179485801911E-032
   4.3218512462392900E-032
   1.6512796206868678E-032
   6.3465683520850603E-033
   2.8538470986355174E-033
   1.3939560883178326E-033
   1.0208765157258507E-033
   1.5526414731872474E-035
   4.9924779181356958E-035
   2.1494528041359905E-034
   1.2078203767831272E-033
   5.0494711179095423E-032
   5.3924925864099689E-034
   2.0109342019369906E-034
   1.9661227160342294E-034
   2.2875611486160573E-034
   3.4672374292819555E-034
   4.9674182668389328E-034
   6.5712899231141622E-034
   7.2816669394128877E-034
   7.6640163125148510E-034
   7.9595554231215376E-034
   8.4465566350259122E-034
   8.0243639939469510E-034
   8.0655330305262115E-034
   7.8352365963028647E-034
   7.9396173811047500E-034
   7.5300942269677269E-034
   7.6332542815603190E-034
   7.8606402485095223E-034
   7.8573573737271582E-034
   8.5034820817866833E-034
   9.4319265743004180E-034
   8.9838629184824040E-034
   9.1350107895225408E-034
   9.2472865198470376E-034
   9.7908638125755788E-034
   1.1033588991304380E-033
   9.7606859677257194E-034
   9.2520817187556607E-034
   9.8661345547464907E-034
   1.0405451782736199E-033
   1.0079071316761367E-033
   9.7508715301213707E-034
   9.7159611563312057E-034
   9.7368022467915144E-034
   9.5046979837137998E-034
   9.1647516345534322E-034
   9.1342329447229183E-034
   9.3308574556897243E-034
   8.8989218116546546E-034
   9.3399226844477868E-034
   9.1282223540302624E-034
   7.9837804401822533E-034
   8.1693660360916622E-034
   7.9950481131663404E-034
   7.9836955907170149E-034
   7.6980289417112776E-034
   7.6943002721315391E-034
   8.3458748901739740E-034
   7.7350698173798062E-034
   7.6367171759484073E-034
   7.7164893877259209E-034
   7.5217878025574560E-034
   7.5098595745749304E-034
   7.4766217557305807E-034
   7.3767075414399594E-034
   7.1099972043663634E-034
   6.6468435832728972E-034
   6.0698099892510347E-034
   5.0378900861424300E-034
   4.4362238664591584E-034
   3.6868458578100096E-034
   3.2385300051422896E-034
   3.2120728624735091E-034
   3.3129150855752030E-034
   2.1776704045292471E-034
   2.1311944926046063E-034
   2.2574371246240845E-034
   2.6423832240053857E-034
   4.6623077550424153E-034
   2.5493826404624132E-034
   5.0944423165091350E-034
   6.8512106872689792E-034
   8.7334943215536362E-034
   3.1599380968378760E-033
   1.3889302481603305E-032
   5.9069896050061217E-032
   4.7668387233436383E-032
   1.9743492517600532E-032
   7.9020881767749576E-033
   3.5037724484926796E-033
   1.7144561484577509E-033
   1.2660185954148180E-033
   1.4749500734525343E-035
   4.7414391559671818E-035
   2.0378700916012135E-034
   1.0813134794283704E-033
   5.5436009810338816E-032
   5.2974162083288318E-034
   1.9841824435245822E-034
   1.7706307690706693E-034
   2.1869104072642466E-034
   3.2013394021825187E-034
   4.4966994224144010E-034
   6.1163735685508142E-034
   7.0250546293160559E-034
   7.5090170962893031E-034
   8.0749059428148421E-034
   8.3631701055010571E-034
   8.0006792642337231E-034
   8.0653256299937420E-034
   7.8254515470962676E-034
   7.7385591429316053E-034
   7.5832690966280178E-034
   7.6713596916630590E-034
   7.9003094000401449E-034
   7.8885910295450064E-034
   8.4949930061026025E-034
   9.3405773254897478E-034
   8.7812021299037396E-034
   9.1796728144358500E-034
   9.3473163129620571E-034
   9.8866400347569826E-034
   1.1199632027575192E-033
   1.1193932027984044E-033
   9.1271907984279893E-034
   9.9814738363482388E-034
   1.0386101349512340E-033
   1.0295022317372377E-033
   1.0007178208089891E-033
   9.7147007577873994E-034
   9.6848028460381724E-034
   9.7386507733702761E-034
   9.2290860634449505E-034
   9.1667092196372642E-034
   9.4233580117499867E-034
   8.8842826468863373E-034
   9.9098729443907794E-034
   9.6648276983326313E-034
   8.0095442851345783E-034
   8.1962172202747217E-034
   8.0124818115717915E-034
   7.9982800004115926E-034
   8.1619055159086364E-034
   7.7202469508908701E-034
   8.3318320955086467E-034
   7.7295741938685552E-034
   7.6238414553401479E-034
   7.6864985739326118E-034
   7.4815616983793263E-034
   7.4441738317712375E-034
   7.3711052519794182E-034
   7.2024132232135360E-034
   6.8539227922807858E-034
   6.3944351487992913E-034
   5.8379596099624577E-034
   4.8990735156138580E-034
   4.2413498066830945E-034
   3.4180498574870505E-034
   2.7982536939612014E-034
   3.0680788755732330E-034
   2.9807262142644843E-034
   2.1873706817462858E-034
   2.2541425618185710E-034
   2.1244506689994277E-034
   1.9324964471865667E-034
   3.4830329451133133E-034
   2.3118324120442995E-034
   4.2672171067149447E-034
   5.0176910885069660E-034
   6.9300090294046159E-034
   2.4178863765027923E-033
   1.2324645379707044E-032
   5.7473713189893524E-032
   5.2166179164374913E-032
   2.3309597868156787E-032
   9.7438014826328735E-033
   4.4950538882981679E-033
   2.1546513976158414E-033
   1.6104273639296012E-033
   1.3573708574226886E-035
   4.3444710035895839E-035
   1.8640563608795956E-034
   9.0407833210597002E-034
   5.6199609645712823E-032
   6.3837051622231271E-034
   2.0988712407348679E-034
   1.7590222229259642E-034
   2.0728705241539137E-034
   2.8957756162989539E-034
   3.9626942192332636E-034
   5.5449000970306141E-034
   6.6250840557485399E-034
   7.2277024386212959E-034
   7.7188586165951706E-034
   8.1713120551229899E-034
   7.9167012911304050E-034
   8.1155284849807308E-034
   7.7583503096987648E-034
   7.6797237982576894E-034
   7.5542624839156056E-034
   7.6548930294193119E-034
   7.8245585285813955E-034
   7.8784825125537045E-034
   8.4818402530462453E-034
   9.2601188758757132E-034
   8.7976021932498032E-034
   9.1473628404468516E-034
   9.4322830155782833E-034
   9.8098636654679282E-034
   1.0700783812473736E-033
   9.7619617559951326E-034
   9.2236251285473538E-034
   9.6872358735829270E-034
   1.0328205886643791E-033
   1.0292189405248577E-033
   9.9928844901437906E-034
   9.6643023756062250E-034
   9.5857362057528588E-034
   9.8896728009883002E-034
   9.8890342335653143E-034
   9.0885308817024104E-034
   9.5907339785897778E-034
   8.6887137258981714E-034
   9.5369421169339823E-034
   9.0405756150553047E-034
   7.9789724619983489E-034
   8.2575166516513222E-034
   7.9703360360023206E-034
   7.9522152524044256E-034
   8.1425165595858156E-034
   7.9358118215494525E-034
   8.1780349889086914E-034
   7.8138204518526526E-034
   7.5393696135279213E-034
   7.5810695795957399E-034
   7.3601877537984823E-034
   7.2896365180673848E-034
   7.1667654268980226E-034
   6.9204273662079820E-034
   6.4944127401469658E-034
   6.0479222373776264E-034
   5.4862807507954847E-034
   4.6566029315450941E-034
   4.0479041995699731E-034
   3.2219005674788944E-034
   2.7115716188736725E-034
   2.4600250732174166E-034
   2.0904985347131032E-034
   2.0562612443189297E-034
   2.0912567773964039E-034
   1.7547007246701435E-034
   1.9206003643741738E-034
   2.3631048201917566E-034
   2.2990331839629463E-034
   3.5970025441073335E-034
   6.0539038648409443E-034
   6.7780079440383334E-034
   1.8784078478931812E-033
   1.3346683679976582E-032
   5.4741100712807520E-032
   5.5348037525314069E-032
   2.7060538481243385E-032
   1.2251387873678431E-032
   6.0632544923857491E-033
   3.0359567668861137E-033
   2.3376223955473828E-033
   1.1611091991372541E-035
   3.6432592058723230E-035
   1.6498903518437367E-034
   7.4269939918186881E-034
   4.3051529701899627E-032
   9.5696892703400180E-034
   2.4122037837903019E-034
   1.9490017631002679E-034
   1.9801062730775517E-034
   2.7793772458064310E-034
   3.9714665204114582E-034
   6.4834554996174095E-034
   9.2650377627680597E-034
   1.1063504083972558E-033
   1.2301483213528079E-033
   1.3176042505112814E-033
   1.3788711172110901E-033
   1.4649444910798067E-033
   1.5469456197404466E-033
   7.5407222328582751E-034
   7.4231561143723524E-034
   7.5596640401127644E-034
   7.6920848311080983E-034
   7.9178266774512433E-034
   8.5489175836404850E-034
   8.9145826594179577E-034
   8.7195863381970786E-034
   9.0844134755130288E-034
   9.5708519009548189E-034
   9.7341381114273875E-034
   1.0469912153802542E-033
   9.6021162985318857E-034
   9.5551273307510674E-034
   9.5242131330324556E-034
   1.0126873176257396E-033
   1.0204938723148256E-033
   1.0225908123198346E-033
   9.6099891706402424E-034
   9.5314733691720645E-034
   1.0095628690513285E-033
   9.8890864096438521E-034
   9.0231136150190302E-034
   9.3085982294010973E-034
   8.5769119310271031E-034
   9.3483087629638145E-034
   8.8021876700863099E-034
   7.8509561014739395E-034
   8.3030879900994999E-034
   8.3933134582661063E-034
   7.8052123990911479E-034
   7.9003255704866133E-034
   7.7950067399541986E-034
   7.8810692212926401E-034
   7.8117810520187268E-034
   7.3445034213782708E-034
   7.3613740119416976E-034
   7.1206456022927919E-034
   7.0128177728711513E-034
   6.8353706126903176E-034
   6.5109723934569310E-034
   6.0252266651258838E-034
   5.6030883161947302E-034
   5.0949774040068957E-034
   4.3278264725601541E-034
   3.7845806326180701E-034
   3.0239528403372023E-034
   2.5689579857765149E-034
   2.3519656603899742E-034
   2.2396667108831065E-034
   1.8485416733400561E-034
   1.7697083308775896E-034
   1.7597454703567748E-034
   1.8285651774110989E-034
   2.0062542780366269E-034
   2.3637431383790869E-034
   3.2757689703212250E-034
   5.0740024838211105E-034
   8.1043370507931998E-034
   1.8243469323701242E-033
   1.2469262682796240E-032
   5.9904399803233022E-032
   5.6171613144848769E-032
   2.9448565939455538E-032
   1.4424696215167613E-032
   7.7432150025657231E-033
   4.2642012284384656E-033
   3.3936614698709766E-033
   9.7621471608061705E-036
   3.0767086945633110E-035
   1.4320104181053191E-034
   6.0683475019805280E-034
   2.6894194521002511E-032
   1.3835062889287000E-033
   2.5157272352483617E-034
   1.8884356055966245E-034
   1.9195037215402421E-034
   2.3400117242589361E-034
   2.9952127818829380E-034
   4.3807857872032375E-034
   5.9130873615867277E-034
   6.8064124061332446E-034
   7.5139609267634973E-034
   8.0113022900748908E-034
   7.9100524989345448E-034
   8.2582732777399522E-034
   8.0024713591227140E-034
   8.0684871350499172E-034
   8.0713232670938863E-034
   8.2075444172993472E-034
   8.3894530271751711E-034
   8.6978459047072572E-034
   9.0613731390402713E-034
   9.3959088305225510E-034
   9.2669104546366870E-034
   9.6629208106139646E-034
   1.1247494266206793E-033
   9.6496135052636378E-034
   1.0147738280536525E-033
   9.4846867721697800E-034
   9.0934247695275019E-034
   9.5085752634023561E-034
   9.6099712812292696E-034
   9.6367602387307883E-034
   1.0132279553808724E-033
   9.6475840631772083E-034
   9.6117107482200801E-034
   1.0026736409398831E-033
   9.4108176161079322E-034
   8.9867708955529543E-034
   9.0671644706812849E-034
   8.3346331875655765E-034
   9.1606226340644518E-034
   9.7336726655745284E-034
   7.6391170767366211E-034
   8.2728433989270222E-034
   8.1001629030363258E-034
   8.2191921298909109E-034
   7.5490443917805550E-034
   7.7060661812580561E-034
   7.6553262879352040E-034
   7.4695008750591475E-034
   7.0039035806305252E-034
   6.9954466030829376E-034
   6.7318271441103584E-034
   6.5844094312052760E-034
   6.3507400630931206E-034
   5.9564377140797627E-034
   5.4379122438542949E-034
   5.0532451773070535E-034
   4.6108100124671761E-034
   3.9351061347202544E-034
   3.4717014564467497E-034
   2.7923203137814591E-034
   2.4018723102492775E-034
   2.1717701895329890E-034
   1.9307554148059559E-034
   1.8131543583223947E-034
   1.7610683487266470E-034
   1.7763258170788983E-034
   1.8724989837566056E-034
   2.0845770325852605E-034
   2.4963338294988219E-034
   3.2844341699794393E-034
   4.8082866222313605E-034
   1.1057626843599164E-033
   3.0309151155408140E-033
   1.7342142550506621E-032
   5.9867195197643834E-032
   5.5317615592905581E-032
   3.0235390728626987E-032
   1.5656043102204305E-032
   9.0134420181218844E-033
   5.3576059962921701E-033
   4.3926724582655242E-033
   9.1614997325862607E-036
   2.8563606679856129E-035
   1.3048198835292656E-034
   5.3172773341528131E-034
   1.7835009413404933E-032
   2.9235666668554859E-033
   3.7464267884566045E-034
   1.8533763575540280E-034
   1.8027006139108362E-034
   2.0841355509356383E-034
   2.5315146030084763E-034
   3.7919166727627115E-034
   5.4622579233734339E-034
   6.7146782614410388E-034
   7.5980038900220906E-034
   8.2212079803538433E-034
   8.4494342677132339E-034
   8.8962311829776049E-034
   9.1192160366318134E-034
   9.6516288501967072E-034
   1.0505333862435930E-033
   1.1404598340878460E-033
   1.2319714491695811E-033
   7.4896102058539320E-034
   7.7191355231184480E-034
   8.6994749196146664E-034
   8.4108300100608641E-034
   8.6775145036599933E-034
   8.9583121147545905E-034
   9.2716702309059643E-034
   9.8812396621200271E-034
   9.1352143421900378E-034
   8.7135914941075137E-034
   9.2118642057377694E-034
   9.1956623630488215E-034
   9.0957962092926445E-034
   1.0042703948302463E-033
   9.4214339112023314E-034
   9.2346473162427807E-034
   9.5451225137484903E-034
   8.7271011998198855E-034
   8.4485308316925984E-034
   8.7961937467967895E-034
   8.2170860239758697E-034
   9.0734336359408021E-034
   8.4041866820568553E-034
   7.7428396839968519E-034
   7.9340037854780230E-034
   7.3301887050862129E-034
   7.6919586943988544E-034
   7.0472330225593702E-034
   7.2883375540867195E-034
   7.1598867674782812E-034
   6.9832312422107586E-034
   6.5454593580037962E-034
   6.4558124691719437E-034
   6.1705124911163712E-034
   5.9865465452159637E-034
   5.7047382125354116E-034
   5.2615865081904314E-034
   4.7423500997090074E-034
   4.4145661380745273E-034
   4.0649628527798132E-034
   3.4906556157736432E-034
   3.1311712361822846E-034
   2.5412169157511771E-034
   2.2247601822583772E-034
   2.0048947965949234E-034
   1.9484393172079698E-034
   1.7832955714605272E-034
   1.7651099254053260E-034
   1.8122269844255217E-034
   1.9466924093198839E-034
   2.2115316930338607E-034
   2.7088434496117940E-034
   3.6481293760115411E-034
   5.6257376181899930E-034
   1.0134907498313710E-033
   3.4695054819148434E-033
   2.6998858437981904E-032
   6.9719615654269119E-032
   5.1226721038283493E-032
   2.7609907752523694E-032
   1.4422287016202344E-032
   8.5317773352022075E-033
   5.4168847790442578E-033
   4.4925555367963178E-033
   8.8467492472786191E-036
   2.7889566326241456E-035
   1.3078602946293340E-034
   5.1454995924442560E-034
   1.3513105657111445E-032
   5.8895590205004702E-033
   3.8832872775549405E-034
   1.9718900064723531E-034
   1.7732217427911595E-034
   1.9020971470214039E-034
   2.1540377904508084E-034
   3.0072156222522866E-034
   4.3904794881739611E-034
   5.6300640434248290E-034
   6.6151153097178059E-034
   7.1812783826319811E-034
   7.4199280984000373E-034
   7.9755212301023764E-034
   8.4894912704155973E-034
   9.2342305774451118E-034
   6.2090983297309557E-034
   6.4994126659822784E-034
   6.6057794777038211E-034
   6.8825590061760087E-034
   7.1887256693674377E-034
   7.8616664086311791E-034
   7.8417092921870556E-034
   8.1825181824466926E-034
   8.4320758940749199E-034
   9.0771616385678299E-034
   9.3047945303163156E-034
   8.6890768513754505E-034
   8.0626810868045390E-034
   9.1482990978966321E-034
   8.7470174645901569E-034
   8.7834819726549476E-034
   9.3585929356167114E-034
   8.8951229006407318E-034
   8.5157221219049310E-034
   8.8693043017603964E-034
   8.1787045118340999E-034
   7.7264332991689035E-034
   8.1065177968789898E-034
   7.9194130058186521E-034
   8.5552697130762922E-034
   7.2216625869803829E-034
   7.8208221736072880E-034
   7.5044603248305759E-034
   6.5947778914262482E-034
   7.1322836376002039E-034
   6.4238485059605563E-034
   6.6305058493011861E-034
   6.4631418821766157E-034
   6.3799120262330972E-034
   5.9197349976118210E-034
   5.7430729518303555E-034
   5.4417508791795113E-034
   5.2279613382310856E-034
   4.9117415830852712E-034
   4.4565726612780084E-034
   3.9928512116044016E-034
   3.7413087807406712E-034
   3.6357650700801758E-034
   3.0308849690873653E-034
   2.7873722734103563E-034
   2.2943985511542930E-034
   2.0582719677682565E-034
   1.9002972124188650E-034
   1.8065130723720825E-034
   1.7702826324498971E-034
   1.7928668383477582E-034
   1.8841055139748042E-034
   2.0703075833174822E-034
   2.4154823480574024E-034
   3.0480679132244267E-034
   4.2360263374738468E-034
   6.5403193017901521E-034
   1.5362672665292654E-033
   6.8240014136152062E-033
   8.1509911860943973E-032
   7.1083951077880122E-032
   4.4275270202070535E-032
   2.2097384688190276E-032
   1.1243106762897620E-032
   6.7969753667393894E-033
   4.5647950658875800E-033
   3.7518053677364582E-033
   9.3096110416167244E-036
   3.0112848868369780E-035
   1.4013136102615047E-034
   5.5960743550448219E-034
   1.1886820128263174E-032
   1.0735834766036170E-032
   5.2579815436405434E-034
   2.1829756834509789E-034
   1.8075813804437735E-034
   1.8010784580905547E-034
   1.9158211120799991E-034
   2.3825941348094096E-034
   3.2752023780440164E-034
   4.0947920858001741E-034
   4.9052890178367342E-034
   5.4150838583657761E-034
   5.5156832063575953E-034
   5.7110234778908535E-034
   6.0785428321540925E-034
   5.7734970983085549E-034
   6.1286283740120104E-034
   6.7387953590106493E-034
   7.3953599088743238E-034
   7.8583330210909009E-034
   8.8289166336385966E-034
   7.1242270902034576E-034
   7.5159423368965026E-034
   7.4660310488611865E-034
   7.6734717325656053E-034
   8.4634036363416198E-034
   8.4640415849362723E-034
   8.3134016963131538E-034
   7.4633797304334602E-034
   8.6340831490301705E-034
   8.2711027284060531E-034
   8.4240604882647328E-034
   8.6194908767809921E-034
   8.3177471067713817E-034
   7.8099948961160332E-034
   8.2015814246571677E-034
   7.2864417433963257E-034
   7.1736969771224392E-034
   7.4949620035520974E-034
   7.1539038161302714E-034
   7.8532666425477299E-034
   6.7146448051079582E-034
   6.4882492884796855E-034
   6.9054381025211805E-034
   6.2251396066324629E-034
   6.9332338989337616E-034
   5.9509910034649424E-034
   6.1679264173595030E-034
   5.6237409931724645E-034
   5.6550917509759783E-034
   5.4327514706007453E-034
   4.9217970778058008E-034
   4.5921900705136199E-034
   4.4262461099989738E-034
   4.0552852270547520E-034
   3.6481672989537495E-034
   3.2801846560437832E-034
   3.1039878829571378E-034
   2.9126921503637177E-034
   2.6024193460964307E-034
   2.4341497684525286E-034
   2.0813749532802311E-034
   1.9214664081512939E-034
   1.8227567272877611E-034
   1.7787254401709647E-034
   1.7886619820916441E-034
   1.8590434864168347E-034
   2.0069112942605771E-034
   2.2692736558622968E-034
   2.7279968497850088E-034
   3.5617766564662204E-034
   5.1362689741468751E-034
   9.1138263585805828E-034
   2.4290858826613476E-033
   1.3735043261846455E-032
   5.4752317676699504E-032
   6.2335193485865605E-032
   3.4517143285216692E-032
   1.5176064860697277E-032
   7.4245595987919551E-033
   4.5944890633909493E-033
   3.0840636966371919E-033
   2.4456226539326201E-033
   1.2036001351262978E-035
   4.0092312166054284E-035
   1.7370410322076038E-034
   7.1737880509424261E-034
   1.3139512287027429E-032
   1.8049046504258038E-032
   8.3905373983375440E-034
   2.5547307645610408E-034
   1.9384258634375125E-034
   1.7924910058419352E-034
   1.8705694846324638E-034
   2.0080271608530889E-034
   2.7898690223273326E-034
   3.5189111683501959E-034
   4.0481810537812983E-034
   4.9520127847865854E-034
   4.8983036727309526E-034
   4.9423697773042944E-034
   4.8782486581982654E-034
   4.7579907209417871E-034
   4.8284778666806875E-034
   5.1251385829243390E-034
   5.2511778963034904E-034
   5.7073817918725812E-034
   6.0084883045050696E-034
   6.4409009921128989E-034
   6.5227782392027796E-034
   6.8828510433148249E-034
   7.1633638246911288E-034
   7.9437744381631280E-034
   7.6949213438460679E-034
   7.4763612142902035E-034
   6.5219338642037880E-034
   7.5161323064427612E-034
   7.1077604122318810E-034
   7.9174802093018184E-034
   8.1259187425338613E-034
   8.2458015441008912E-034
   7.1556528139336938E-034
   7.0112153789780503E-034
   6.4959240707460509E-034
   6.5488961951806857E-034
   7.2487306719373119E-034
   6.1357399177373780E-034
   6.9401462116520386E-034
   6.1492745623388615E-034
   5.5047795311863307E-034
   6.2248400603919353E-034
   5.3702764816233455E-034
   5.8444903295027227E-034
   5.8257738982835129E-034
   5.4391191947003347E-034
   4.8120979207319699E-034
   5.1314948752060624E-034
   4.4626624778877391E-034
   4.0870269969055076E-034
   3.7846394322271057E-034
   3.5558477854016416E-034
   3.2726467106381950E-034
   2.9397451888724200E-034
   2.6747927131797793E-034
   2.5628775020059014E-034
   2.4418127210363695E-034
   2.3532192347312214E-034
   2.0604344784366858E-034
   2.2857010430218358E-034
   1.7393476024319712E-034
   1.7669480215118369E-034
   1.8205512273292008E-034
   1.8966408423007210E-034
   2.0082005344837808E-034
   2.3843947356575330E-034
   3.0285219587037128E-034
   3.2576563008535524E-034
   4.8199097339806728E-034
   8.2691482300877691E-034
   1.5851076727571888E-033
   6.4211904756841537E-033
   3.4025597462645819E-032
   6.9698440218961358E-032
   4.9700921364374603E-032
   2.3213224311653426E-032
   9.0836944342779323E-033
   4.4812797731039424E-033
   2.8458005336726693E-033
   1.8560571398266270E-033
   1.3768118301689374E-033
   1.9679602184886981E-035
   6.6948481428416578E-035
   2.6841642451533615E-034
   1.1442887458888435E-033
   1.7171565759624152E-032
   2.7534859822146754E-032
   1.5545240741596032E-033
   3.8272011773615964E-034
   3.0059479823671957E-034
   1.9068064582431547E-034
   1.9788510437662941E-034
   1.8220576949093956E-034
   2.4496422194257449E-034
   2.7916252845230977E-034
   3.6439269355813042E-034
   4.3150600675301606E-034
   4.3146076905179571E-034
   4.3988385521237627E-034
   4.2336735847441870E-034
   3.9004241320451850E-034
   3.8766356882842102E-034
   4.2592023344088957E-034
   4.4428465555400822E-034
   4.6788085903481987E-034
   5.0641892897350147E-034
   5.6662665317410039E-034
   5.7879881696709333E-034
   6.1753212304098881E-034
   6.5355963443751138E-034
   7.3325721332108191E-034
   7.1137575618912542E-034
   6.8298412694638813E-034
   5.9477970535851804E-034
   7.2029261330554189E-034
   6.3851683910793948E-034
   7.3856658015252486E-034
   7.5809275602120624E-034
   7.6336839007924597E-034
   6.7820320596034198E-034
   6.0817415782076474E-034
   6.1789099807783148E-034
   6.1992566816797554E-034
   6.4905865679608000E-034
   5.8285064489100322E-034
   6.2375426450580672E-034
   6.1179960962752071E-034
   4.8442759352473077E-034
   5.6694150231789034E-034
   4.4781637498510505E-034
   4.7924626462992469E-034
   4.8845893981795418E-034
   4.3561653562461377E-034
   4.1773503085782663E-034
   4.0355102099282325E-034
   3.8097985428950658E-034
   3.5164973589670299E-034
   3.0514783033431663E-034
   2.9150516472230213E-034
   2.6540094952380987E-034
   2.6410836334681310E-034
   2.3202068247395307E-034
   2.1599628620134451E-034
   2.0938090309718047E-034
   2.0551011173718290E-034
   2.0144257336600237E-034
   1.8185971068908386E-034
   1.7888542590700410E-034
   1.8027318230255687E-034
   1.8724804817933524E-034
   2.1705841650241985E-034
   2.6526151123192571E-034
   3.2651682897833700E-034
   3.7291389990094253E-034
   4.4231374807666729E-034
   5.5847209748816267E-034
   1.0043637956149787E-033
   3.1228228815311295E-033
   1.4523569283411517E-032
   5.3642965009664943E-032
   6.4644528730974465E-032
   3.5270508670725994E-032
   1.3128423190262311E-032
   5.0189935087220853E-033
   2.6836268870607451E-033
   1.7307717286725650E-033
   1.0760877783235324E-033
   7.6699619447033322E-034
   4.2820019143646143E-035
   1.4470856890823815E-034
   5.4377578612124761E-034
   2.3303772638376541E-033
   2.4973922275365881E-032
   4.1342711121078650E-032
   4.7349702976587980E-033
   7.2562723247591850E-034
   4.2338120738144762E-034
   4.2410476675898379E-034
   2.1922598500952563E-034
   1.9636028050489463E-034
   2.1831801254533225E-034
   2.4656461924940594E-034
   3.6599247373666397E-034
   4.1664217327323947E-034
   3.9924693247168265E-034
   3.4269015787863702E-034
   3.4833938035103706E-034
   3.3356303497798269E-034
   2.9997814844274032E-034
   3.5163048478792754E-034
   3.7820028447894833E-034
   3.7517519095501366E-034
   4.6649577393473042E-034
   5.5257468512001489E-034
   5.7210981644669435E-034
   6.0007235324377133E-034
   6.7565332464886171E-034
   7.0212473665074092E-034
   7.1569182548068230E-034
   7.1520851440728760E-034
   5.5496418613482657E-034
   7.3189540442509751E-034
   7.0354584312063569E-034
   7.4022717957849064E-034
   7.7035672608004327E-034
   7.4336329632757523E-034
   7.1409802558350753E-034
   5.9441498923922774E-034
   5.9248821699559704E-034
   6.1268453290254082E-034
   6.9828112271951769E-034
   5.2314423986772460E-034
   5.8620780977290311E-034
   5.8889155928367731E-034
   5.0681411616884293E-034
   5.7099896233844709E-034
   3.7479019121197366E-034
   4.3530400234218965E-034
   3.8706035493531419E-034
   4.0603858727881228E-034
   4.4671085289885418E-034
   3.5417645905432976E-034
   4.5555252660909624E-034
   3.6337727546203094E-034
   2.5259156566058757E-034
   2.5484920680903437E-034
   2.2659424143186154E-034
   2.1323327195199285E-034
   2.2457458358337618E-034
   1.9097700319468732E-034
   1.9640498208553034E-034
   1.8494306167690333E-034
   1.9435649894342531E-034
   1.7951059661767519E-034
   1.8538760827739990E-034
   2.0332803056397156E-034
   2.0916810425324196E-034
   2.8390782414401694E-034
   2.5714773501540453E-034
   3.0699576016388403E-034
   4.3133946563033640E-034
   5.1595586272592365E-034
   9.5518302667910741E-034
   1.9372090165705712E-033
   6.6744631962325299E-033
   3.8452639169417254E-032
   7.3158239749056115E-032
   4.8241785854546710E-032
   2.0657888780658796E-032
   6.7875284132854482E-033
   2.9786855633230685E-033
   1.7026795152964973E-033
   1.0905857321814984E-033
   6.5282339622018883E-034
   4.4936628080492351E-034
   1.2107096811248744E-034
   3.8454999616995744E-034
   1.4004530807413408E-033
   5.6072982940953508E-033
   3.5806005554126257E-032
   5.2874778482446531E-032
   9.7697142374621733E-033
   2.8907766714095580E-033
   1.0171603646379687E-033
   5.2059230132125623E-034
   3.6863587066429625E-034
   2.8982135877794916E-034
   2.3778861490890704E-034
   2.6659949294564056E-034
   3.8847829981542001E-034
   4.6722260906035376E-034
   4.1799462112322021E-034
   3.7282564946794892E-034
   3.7871963918426965E-034
   3.1689365231827031E-034
   2.6510262648316915E-034
   3.1757914522570405E-034
   3.7652095145728884E-034
   3.4521739449806685E-034
   4.8993758792846479E-034
   5.5331909377002547E-034
   5.6759279354542558E-034
   6.4108466797351992E-034
   7.3014089337899532E-034
   7.9081775043473855E-034
   7.8071696627090383E-034
   8.2363810043953563E-034
   6.3333828945998292E-034
   8.8154197222718861E-034
   8.0169439894251756E-034
   8.2332607735313026E-034
   9.9768836641660379E-034
   8.2158501550265070E-034
   7.7207480386228500E-034
   6.6814404334497647E-034
   7.3296032784838999E-034
   7.0416287112441074E-034
   7.2662455708385186E-034
   5.3543328556528573E-034
   5.7352005987441885E-034
   7.0836612931298949E-034
   4.7168005162090588E-034
   5.9230838108830514E-034
   3.9031318722187761E-034
   4.2586074349320713E-034
   3.8104527633108803E-034
   4.3178301045209143E-034
   4.3170463268008859E-034
   3.0274697121163322E-034
   4.9489313880835396E-034
   3.7875994260656248E-034
   2.4158470222611307E-034
   2.4073949860124086E-034
   2.1049024464428686E-034
   2.1567905705103838E-034
   1.9995397904266063E-034
   1.8028376314030701E-034
   2.2646967296769009E-034
   1.9856431627311640E-034
   2.2150124586969409E-034
   2.1614129691073656E-034
   2.0742581499126359E-034
   2.8014855827094933E-034
   2.5783015204668554E-034
   5.2850156119470680E-034
   3.4214222241346120E-034
   3.9809767383511692E-034
   6.8859116144894578E-034
   7.5242676712502044E-034
   1.7209306158853766E-033
   7.4427784095351546E-033
   2.3792302024989695E-032
   7.5794162919971661E-032
   6.0233852482439461E-032
   3.1860061260269543E-032
   1.0965531101650318E-032
   4.0880835295660125E-033
   2.0962261201279039E-033
   1.2429705767192084E-033
   7.8483801085496684E-034
   4.5997000070495214E-034
   3.1089676711209778E-034
   6.7697160653774827E-034
   1.7067141925158359E-033
   5.3081403938315526E-033
   1.5996600198837775E-032
   4.7765236594247663E-032
   6.4382183661880198E-032
   2.5797374393167652E-032
   8.5407096251285815E-033
   4.0149001538598262E-033
   2.7633236783205465E-033
   1.3171015500671258E-033
   7.1315312383607874E-034
   3.0644869067389042E-034
   3.7920815187079207E-034
   4.3929865564232048E-034
   6.0151671020447614E-034
   4.7948273175761649E-034
   5.3606581208003892E-034
   4.8028040722813184E-034
   3.0814276818848149E-034
   3.4869920132664534E-034
   3.2773592725060867E-034
   4.0669279185925053E-034
   4.4084487743176114E-034
   5.8940595787869855E-034
   6.1804439129303422E-034
   7.1217393204063800E-034
   7.9603298020753114E-034
   9.6782423273740944E-034
   9.3765487287975564E-034
   1.0281143080528712E-033
   1.0588809499817349E-033
   8.0559180027531373E-034
   1.2322844047300763E-033
   1.1671635612818364E-033
   1.0944552620956307E-033
   1.4741654934623379E-033
   1.0301728840025468E-033
   1.1547566812090883E-033
   8.7253550345963927E-034
   1.0791487343903583E-033
   9.1067389359625541E-034
   1.1108372647773914E-033
   6.6362357805925624E-034
   6.8485120918118393E-034
   9.4929018750657486E-034
   5.6133565907347108E-034
   6.4541770695175581E-034
   7.7676595391563672E-034
   6.8528834482955874E-034
   5.1697478464571567E-034
   6.6492323937445791E-034
   5.2982976113659429E-034
   4.5039423363490773E-034
   5.4152173692287515E-034
   4.4630334306556890E-034
   2.9421463391334869E-034
   3.0231913071311524E-034
   2.8840098382273743E-034
   3.2663316079854013E-034
   4.3790843575227745E-034
   1.6606591758813295E-034
   2.2849457442438523E-034
   2.4045627062855148E-034
   3.3066854069220609E-034
   2.5254586841443166E-034
   2.9125337653898136E-034
   4.4221044251498478E-034
   4.4463227958964373E-034
   1.4288460726172260E-033
   1.1971089650890017E-033
   1.1191185193237359E-033
   1.2496235312413702E-033
   3.7767343305413442E-033
   1.6262270396724633E-032
   5.4051632949604616E-032
   7.7993520082198846E-032
   6.7816049017742340E-032
   4.3162133997245949E-032
   1.9330287186014284E-032
   6.9762757617107233E-033
   3.2919976644253176E-033
   1.8783923660500525E-033
   1.1246587801724352E-033
   7.0406198881935529E-034
   4.1878653094553834E-034
   2.9032310867618369E-034
   1.0600147188746167E-032
   1.3188001419101644E-032
   2.1830192285837847E-032
   3.7909617831195068E-032
   6.1363591001704032E-032
   7.0735892765847820E-032
   4.5793000475835101E-032
   2.1787146192541466E-032
   1.3225285262900764E-032
   6.5777640474181478E-033
   4.1433786130130711E-033
   2.1900300916296997E-033
   5.3809458004633554E-034
   5.7694649077009397E-034
   8.2552937696618120E-034
   9.3212616797343945E-034
   6.8786262222878672E-034
   8.1029115942926689E-034
   7.7225663051599872E-034
   4.5838651210580499E-034
   4.3439314606460926E-034
   4.6439368860106793E-034
   5.9995544271843732E-034
   6.8953112082681909E-034
   9.4362819917968824E-034
   1.0267598435911996E-033
   1.3364928570784244E-033
   1.2709926422896344E-033
   1.5093502430457477E-033
   1.6127646575468865E-033
   1.6865164069077665E-033
   1.4579086210192671E-033
   1.4201113000339402E-033
   1.7765140950414866E-033
   1.8402428039723655E-033
   2.0153663414369606E-033
   2.5089447510257926E-033
   1.7845461091295726E-033
   1.8542276501257974E-033
   1.7708696683946493E-033
   1.6177946272662817E-033
   1.6678124159006334E-033
   2.0743158985896780E-033
   1.2077771008868177E-033
   1.2529851103772675E-033
   1.5999062632490170E-033
   8.8048730755669669E-034
   1.2930798606781571E-033
   1.5727037742299000E-033
   1.0151425282406777E-033
   1.1071511569194053E-033
   1.5194055214988352E-033
   1.1858155622547624E-033
   1.2561785727164261E-033
   1.5872524685774690E-033
   1.5310784548971988E-033
   7.9038833486755304E-034
   7.1302906033633661E-034
   7.1641641556249406E-034
   9.6058002610820341E-034
   1.1155149345032944E-033
   2.0110913231110545E-033
   7.4089875255723375E-034
   7.7692034370787471E-034
   9.8928181893075054E-034
   1.1190567348963090E-033
   1.3714542235746179E-033
   2.6288244753586296E-033
   3.5052394837379809E-033
   8.1551888938239966E-033
   1.5333691237174192E-032
   2.6639569613234414E-032
   4.2607984345549865E-032
   6.0906282922331088E-032
   7.6542460967475690E-032
   8.0398791700180844E-032
   6.9334496311949546E-032
   4.9210258468598331E-032
   2.8212469465536028E-032
   1.2578451711384390E-032
   5.8609353665873180E-033
   3.3154326906321383E-033
   1.9715150925913878E-033
   1.1686415743920917E-033
   7.5437244628009897E-034
   4.7409898334173394E-034
   3.4691752068030401E-034
   6.0851244659694427E-032
   6.1421981407529028E-032
   6.3699553509979429E-032
   6.9386867876117114E-032
   7.5622659132711648E-032
   7.4058530149350400E-032
   6.0308312691819894E-032
   4.2262182516653967E-032
   2.3896931408674693E-032
   1.0914522659413298E-032
   9.9498030898758406E-033
   5.6435658592416743E-033
   2.0671183237424150E-033
   1.5255678729351602E-033
   1.9555233537325416E-033
   1.9808860707977579E-033
   2.0871487677736480E-033
   1.6317829352069298E-033
   1.7281082403999298E-033
   1.1860889723249300E-033
   1.1142757235889546E-033
   1.0884947062119034E-033
   1.4622436087658601E-033
   1.3156623215725960E-033
   1.7580567233615387E-033
   2.2804501123177291E-033
   2.8824887979438398E-033
   2.5832109141154325E-033
   3.4548899259541430E-033
   3.2236035219695031E-033
   3.3532525243945778E-033
   3.3523581600823899E-033
   3.1295481374264751E-033
   3.3862125825565629E-033
   3.6137913840020022E-033
   4.3582174334066724E-033
   5.0174259105130794E-033
   4.2699588136389752E-033
   1.4473466702067659E-032
   4.2312037492322982E-033
   3.1081330155528910E-033
   3.1357586066935082E-033
   3.8956116006685970E-033
   2.5797871043363080E-033
   2.4834068376558380E-033
   3.8282407594777398E-033
   2.2231034781564190E-033
   2.4535747839045054E-033
   3.8714390392107857E-033
   2.4117615457072455E-033
   2.9984181093917048E-033
   5.2077637290144614E-033
   3.4938321184249921E-033
   5.0676285967795149E-033
   3.9109511201554637E-033
   4.4201576473334726E-033
   3.0311401567349191E-033
   4.0412328804436531E-033
   6.6880237817656193E-033
   8.6174674361862264E-033
   1.0626762433641108E-032
   1.1429136027556508E-032
   1.3434907188092242E-032
   1.7198198970833373E-032
   2.1932103489904497E-032
   3.0548730693918931E-032
   3.9281433107564227E-032
   5.1648892335347551E-032
   6.3124516791066454E-032
   7.3141418899502435E-032
   7.9735523263228106E-032
   8.3631545643538985E-032
   8.3904368732887039E-032
   7.9847149572417368E-032
   6.9801263417592955E-032
   5.4908012062472928E-032
   3.9690149802520875E-032
   2.5248938525401786E-032
   1.4146936058238113E-032
   8.0071700650171232E-033
   5.0379229688311821E-033
   3.2312670870759506E-033
   2.0214678584838119E-033
   1.3238900125005273E-033
   9.4311962827484039E-034
   6.7490313700667297E-034
   5.5115748874459121E-034
   9.4152421665643094E-032
   9.4162190218135092E-032
   9.2747859648505838E-032
   9.0139345295910652E-032
   8.9589419039033958E-032
   8.3590620360606660E-032
   7.0183547872805649E-032
   5.4357398069444994E-032
   3.2166953375865520E-032
   2.5881052224353101E-032
   2.3818543482316684E-032
   2.6647964445535766E-032
   9.5200088867461879E-033
   6.8488443892404435E-033
   7.3091429599921846E-033
   8.7364133758194958E-033
   8.3236418650608235E-033
   7.5522981596510716E-033
   6.8926931449060565E-033
   4.9725996176681411E-033
   4.4681360138271434E-033
   4.8813458621750380E-033
   5.6707172576898271E-033
   5.6401610449397391E-033
   6.4119909241206751E-033
   8.1182854193304894E-033
   8.6971722471083598E-033
   8.1202449401170731E-033
   8.1326702946138278E-033
   8.9257093543973476E-033
   1.2002400071541709E-032
   9.5237248421880773E-033
   8.9931025464130453E-033
   8.2732146752005185E-033
   1.2234822665656135E-032
   1.1443157764318860E-032
   1.5188124075868719E-032
   1.2964350279468362E-032
   1.0011634942209465E-032
   8.5864820957160461E-033
   1.0249534384995414E-032
   1.0467828875187436E-032
   1.3134647695224737E-032
   1.0215548175357902E-032
   9.3455049424681945E-033
   1.1780713016647274E-032
   9.2501679669038020E-033
   2.1621576859533070E-032
   1.0350051187706176E-032
   1.5396928278104996E-032
   1.2417769465916242E-032
   2.2728987424843252E-032
   2.6428803698093511E-032
   3.4414442548756776E-032
   4.5019318844636871E-032
   5.0721875658421848E-032
   5.8269851822426312E-032
   6.7576228227203704E-032
   7.7839440746757523E-032
   8.4067037411060714E-032
   8.5908121670036796E-032
   8.6332437774126634E-032
   8.5976956190603705E-032
   8.5596781127807078E-032
   8.3088182079184842E-032
   7.7353844922006247E-032
   6.8751719881896600E-032
   5.8397176719097121E-032
   4.7915948563998107E-032
   3.8429789430766323E-032
   3.0456857593815641E-032
   2.4102109590327950E-032
   1.9048566672505420E-032
   1.4900030523501264E-032
   1.1421721648143381E-032
   8.7685199145922853E-033
   6.7981008863150487E-033
   5.3150860640575762E-033
   4.0886634968623318E-033
   3.0441858617353400E-033
   2.1013573367520923E-033
   1.3975305895813162E-033
   8.9930944929819868E-034
   6.2438873265700622E-034
   4.8437698125831136E-034
   3.8593243843254404E-034
   3.3959078220540537E-034
   8.0444336912559365E-032
   8.0593601512238376E-032
   8.3805873113920761E-032
   8.4080428799463277E-032
   8.3738801927261520E-032
   7.9627032344937405E-032
   7.0111091206886165E-032
   5.6602999498635809E-032
   4.6014190153603121E-032
   3.9007746182587639E-032
   4.0193641713918550E-032
   4.3012881937657741E-032
   1.3505691727067524E-032
   9.2794906664312504E-033
   1.0771782943835067E-032
   1.3280362654923952E-032
   1.2732695562520483E-032
   1.1281850699342644E-032
   9.7908385783327911E-033
   6.4926346904842668E-033
   5.4388974703296627E-033
   6.0314095512475146E-033
   7.3917355547505577E-033
   7.7671480782176394E-033
   9.2444753526966458E-033
   1.2031119709949919E-032
   1.3146799175517093E-032
   1.2575722266273138E-032
   1.2976468877553990E-032
   1.4073098548955431E-032
   1.8618181840722006E-032
   1.5087875651900081E-032
   1.4418681132896349E-032
   1.3288662640208386E-032
   1.9166501031156021E-032
   1.7860818850284413E-032
   2.3295002136369228E-032
   2.0226743228137220E-032
   1.6037391448712144E-032
   1.4078816910634482E-032
   1.6931737781594084E-032
   1.7170273014612711E-032
   2.1169172239755508E-032
   1.6698891072265803E-032
   1.5305431585880494E-032
   1.9015765826320031E-032
   1.5142757289014242E-032
   3.2725906907564950E-032
   1.7281789897115982E-032
   2.4541441669643249E-032
   1.6816490710517209E-032
   3.1621516674930304E-032
   2.9624980559146619E-032
   3.4597053491947807E-032
   4.6324482393264033E-032
   4.6411533565911029E-032
   4.7653403550203245E-032
   5.1909749463557376E-032
   6.5391227070098886E-032
   7.4637964019544044E-032
   7.7252006608333901E-032
   7.6292487596870917E-032
   7.8809089708959226E-032
   7.8851570136197441E-032
   7.5101407317733366E-032
   6.7303648848843892E-032
   5.7543537112899310E-032
   4.7107108164841704E-032
   3.7008986655147676E-032
   2.8088817503421599E-032
   2.1002228297064229E-032
   1.5686946447924842E-032
   1.1675704455647504E-032
   8.5307426999980858E-033
   6.0182493858889853E-033
   4.1077732650543469E-033
   2.7830121059031093E-033
   1.9052136488912497E-033
   1.3323094951052416E-033
   8.7708985304683491E-034
   4.6241527264358920E-034
   1.7146169057153829E-034
   3.3665597880249545E-035
   2.5783824883351263E-036
   3.8254957012248993E-038
   9.1197275278689739E-043
   7.7186451225086152E-075
